5.543254260709095149e+01
5.408078392200212647e+01
4.799181868757742819e+01
4.081683819262184443e+01
4.585676917484032344e+01
5.460172321170796295e+01
5.271179151565070242e+01
4.282107517081131220e+01
4.525346013567998682e+01
5.064708801805285532e+01
6.676178570352243469e+01
6.087192571219751613e+01
5.741606854069431165e+01
4.882136883890778023e+01
4.726913680589525768e+01
7.004317304212034401e+01
6.219577083103904158e+01
5.231400717326789618e+01
4.215174836722452767e+01
4.402460101188412978e+01
5.035372669970023907e+01
6.913704020312421505e+01
4.807441351275027586e+01
5.403557776851458527e+01
4.284020787561034638e+01
5.750021052449748993e+01
4.585207723290247372e+01
4.574946029999242825e+01
4.410218949703499902e+01
4.601700358079860109e+01
