3.931983711182549968e+01
3.147341750520258685e+01
3.723756095615878081e+01
3.762193998871673983e+01
4.484899439571587010e+01
4.004841840073550685e+01
6.146918130657589074e+01
3.873067616542962099e+01
4.653083861361594131e+01
3.096362197944590733e+01
4.709480458365483457e+01
4.917351135014398977e+01
3.362481468451697708e+01
3.345130928758164401e+01
4.171030788050796190e+01
4.831013679691800888e+01
4.768012663017042740e+01
4.980756215263540554e+01
3.053614017652788704e+01
3.176976798562422744e+01
4.448551082802383405e+01
4.697769063672080847e+01
2.876828912560873874e+01
5.485470238421352462e+01
4.715900073169115814e+01
3.848704969777850948e+01
4.121772921877079909e+01
5.355010722418884228e+01
4.512147845049278061e+01
4.291591439390624885e+01
