1.50000000000000000000 1.50000000000000000000 153.223
1.50000000000000000000 1.60500000000000000000 112.104
1.50000000000000000000 1.71000000000000000000 79.8973
1.50000000000000000000 1.81500000000000000000 53.414
1.50000000000000000000 1.92000000000000000000 30.8394
1.50000000000000000000 2.02500000000000000000 11.3679
1.50000000000000000000 2.13000000000000000000 -5.24975
1.50000000000000000000 2.23500000000000000000 -19.0981
1.50000000000000000000 2.34000000000000000000 -30.3021
1.50000000000000000000 2.44500000000000000000 -39.0593
1.50000000000000000000 2.55000000000000000000 -45.6248
1.50000000000000000000 2.65500000000000000000 -50.2993
1.50000000000000000000 2.76000000000000000000 -53.3356
1.50000000000000000000 2.86500000000000000000 -55.1851
1.50000000000000000000 2.97000000000000000000 -56.0723
1.50000000000000000000 3.07500000000000000000 -56.5019
1.50000000000000000000 3.18000000000000000000 -56.3332
1.50000000000000000000 3.28500000000000000000 -55.9625
1.50000000000000000000 3.39000000000000000000 -55.5392
1.50000000000000000000 3.49500000000000000000 -55.0701
1.50000000000000000000 3.60000000000000000000 -54.5901
1.50000000000000000000 3.70500000000000000000 -54.16
1.50000000000000000000 3.81000000000000000000 -53.7702
1.50000000000000000000 3.91500000000000000000 -53.4169
1.50000000000000000000 4.02000000000000000000 -53.094
1.50000000000000000000 4.12500000000000000000 -52.7963
1.50000000000000000000 4.23000000000000000000 -52.5231
1.50000000000000000000 4.33500000000000000000 -52.2694
1.50000000000000000000 4.44000000000000000000 -52.0343
1.50000000000000000000 4.54500000000000000000 -51.8042
1.50000000000000000000 4.65000000000000000000 -51.6026
1.50000000000000000000 4.75500000000000000000 -51.4144
1.50000000000000000000 4.86000000000000000000 -51.2318
1.50000000000000000000 4.96500000000000000000 -51.0657
1.50000000000000000000 5.07000000000000000000 -50.9092
1.50000000000000000000 5.17500000000000000000 -50.7639
1.50000000000000000000 5.28000000000000000000 -50.6257
1.50000000000000000000 5.38500000000000000000 -50.4974
1.50000000000000000000 5.49000000000000000000 -50.3703
1.60500000000000000000 1.50000000000000000000 112.104
1.60500000000000000000 1.60500000000000000000 72.4859
1.60500000000000000000 1.71000000000000000000 42.2738
1.60500000000000000000 1.81500000000000000000 18.2193
1.60500000000000000000 1.92000000000000000000 -1.68634
1.60500000000000000000 2.02500000000000000000 -18.5243
1.60500000000000000000 2.13000000000000000000 -32.7811
1.60500000000000000000 2.23500000000000000000 -44.6556
1.60500000000000000000 2.34000000000000000000 -54.269
1.60500000000000000000 2.44500000000000000000 -61.7595
1.60500000000000000000 2.55000000000000000000 -67.3164
1.60500000000000000000 2.65500000000000000000 -71.1806
1.60500000000000000000 2.76000000000000000000 -73.6374
1.60500000000000000000 2.86500000000000000000 -74.9801
1.60500000000000000000 2.97000000000000000000 -75.5377
1.60500000000000000000 3.07500000000000000000 -75.5455
1.60500000000000000000 3.18000000000000000000 -75.2332
1.60500000000000000000 3.28500000000000000000 -74.7574
1.60500000000000000000 3.39000000000000000000 -74.2991
1.60500000000000000000 3.49500000000000000000 -73.8393
1.60500000000000000000 3.60000000000000000000 -73.4723
1.60500000000000000000 3.70500000000000000000 -72.9392
1.60500000000000000000 3.81000000000000000000 -72.5658
1.60500000000000000000 3.91500000000000000000 -72.2253
1.60500000000000000000 4.02000000000000000000 -71.912
1.60500000000000000000 4.12500000000000000000 -71.6214
1.60500000000000000000 4.23000000000000000000 -71.3511
1.60500000000000000000 4.33500000000000000000 -71.0992
1.60500000000000000000 4.44000000000000000000 -70.8647
1.60500000000000000000 4.54500000000000000000 -70.6643
1.60500000000000000000 4.65000000000000000000 -70.4625
1.60500000000000000000 4.75500000000000000000 -70.2741
1.60500000000000000000 4.86000000000000000000 -70.0982
1.60500000000000000000 4.96500000000000000000 -69.9335
1.60500000000000000000 5.07000000000000000000 -69.7789
1.60500000000000000000 5.17500000000000000000 -69.6336
1.60500000000000000000 5.28000000000000000000 -69.4966
1.60500000000000000000 5.38500000000000000000 -69.3674
1.60500000000000000000 5.49000000000000000000 -69.2452
1.71000000000000000000 1.50000000000000000000 79.8973
1.71000000000000000000 1.60500000000000000000 42.2738
1.71000000000000000000 1.71000000000000000000 14.3505
1.71000000000000000000 1.81500000000000000000 -7.16482
1.71000000000000000000 1.92000000000000000000 -24.4142
1.71000000000000000000 2.02500000000000000000 -38.6602
1.71000000000000000000 2.13000000000000000000 -50.5555
1.71000000000000000000 2.23500000000000000000 -60.3977
1.71000000000000000000 2.34000000000000000000 -68.3274
1.71000000000000000000 2.44500000000000000000 -74.3525
1.71000000000000000000 2.55000000000000000000 -78.8901
1.71000000000000000000 2.65500000000000000000 -81.8998
1.71000000000000000000 2.76000000000000000000 -83.6597
1.71000000000000000000 2.86500000000000000000 -84.4152
1.71000000000000000000 2.97000000000000000000 -84.5844
1.71000000000000000000 3.07500000000000000000 -84.3316
1.71000000000000000000 3.18000000000000000000 -83.8358
1.71000000000000000000 3.28500000000000000000 -83.2679
1.71000000000000000000 3.39000000000000000000 -82.7537
1.71000000000000000000 3.49500000000000000000 -82.2554
1.71000000000000000000 3.60000000000000000000 -81.7754
1.71000000000000000000 3.70500000000000000000 -81.3572
1.71000000000000000000 3.81000000000000000000 -80.977
1.71000000000000000000 3.91500000000000000000 -80.6296
1.71000000000000000000 4.02000000000000000000 -80.3075
1.71000000000000000000 4.12500000000000000000 -80.027
1.71000000000000000000 4.23000000000000000000 -79.7503
1.71000000000000000000 4.33500000000000000000 -79.4919
1.71000000000000000000 4.44000000000000000000 -79.2511
1.71000000000000000000 4.54500000000000000000 -79.0268
1.71000000000000000000 4.65000000000000000000 -78.8176
1.71000000000000000000 4.75500000000000000000 -78.6223
1.71000000000000000000 4.86000000000000000000 -78.4396
1.71000000000000000000 4.96500000000000000000 -78.2682
1.71000000000000000000 5.07000000000000000000 -78.1072
1.71000000000000000000 5.17500000000000000000 -77.9556
1.71000000000000000000 5.28000000000000000000 -77.8126
1.71000000000000000000 5.38500000000000000000 -77.6774
1.71000000000000000000 5.49000000000000000000 -77.5496
1.81500000000000000000 1.50000000000000000000 53.414
1.81500000000000000000 1.60500000000000000000 18.2193
1.81500000000000000000 1.71000000000000000000 -7.16482
1.81500000000000000000 1.81500000000000000000 -26.0383
1.81500000000000000000 1.92000000000000000000 -40.6295
1.81500000000000000000 2.02500000000000000000 -52.3235
1.81500000000000000000 2.13000000000000000000 -61.8885
1.81500000000000000000 2.23500000000000000000 -69.6957
1.81500000000000000000 2.34000000000000000000 -75.7989
1.81500000000000000000 2.44500000000000000000 -80.6209
1.81500000000000000000 2.55000000000000000000 -83.9273
1.81500000000000000000 2.65500000000000000000 -86.0014
1.81500000000000000000 2.76000000000000000000 -86.9919
1.81500000000000000000 2.86500000000000000000 -87.2884
1.81500000000000000000 2.97000000000000000000 -87.0178
1.81500000000000000000 3.07500000000000000000 -86.4522
1.81500000000000000000 3.18000000000000000000 -85.7137
1.81500000000000000000 3.28500000000000000000 -85.0906
1.81500000000000000000 3.39000000000000000000 -84.488
1.81500000000000000000 3.49500000000000000000 -83.9366
1.81500000000000000000 3.60000000000000000000 -83.4407
1.81500000000000000000 3.70500000000000000000 -82.9943
1.81500000000000000000 3.81000000000000000000 -82.6054
1.81500000000000000000 3.91500000000000000000 -82.1203
1.81500000000000000000 4.02000000000000000000 -81.8969
1.81500000000000000000 4.12500000000000000000 -81.5484
1.81500000000000000000 4.23000000000000000000 -81.2759
1.81500000000000000000 4.33500000000000000000 -80.9709
1.81500000000000000000 4.44000000000000000000 -80.7341
1.81500000000000000000 4.54500000000000000000 -80.3564
1.81500000000000000000 4.65000000000000000000 -80.2479
1.81500000000000000000 4.75500000000000000000 -79.9664
1.81500000000000000000 4.86000000000000000000 -79.7892
1.81500000000000000000 4.96500000000000000000 -79.6633
1.81500000000000000000 5.07000000000000000000 -79.43
1.81500000000000000000 5.17500000000000000000 -79.3245
1.81500000000000000000 5.28000000000000000000 -79.1682
1.81500000000000000000 5.38500000000000000000 -78.989
1.81500000000000000000 5.49000000000000000000 -78.8503
1.92000000000000000000 1.50000000000000000000 30.8394
1.92000000000000000000 1.60500000000000000000 -1.68634
1.92000000000000000000 1.71000000000000000000 -24.4142
1.92000000000000000000 1.81500000000000000000 -40.6295
1.92000000000000000000 1.92000000000000000000 -52.6101
1.92000000000000000000 2.02500000000000000000 -61.8216
1.92000000000000000000 2.13000000000000000000 -69.1143
1.92000000000000000000 2.23500000000000000000 -74.9178
1.92000000000000000000 2.34000000000000000000 -79.4191
1.92000000000000000000 2.44500000000000000000 -82.7033
1.92000000000000000000 2.55000000000000000000 -84.8489
1.92000000000000000000 2.65500000000000000000 -85.98
1.92000000000000000000 2.76000000000000000000 -86.2792
1.92000000000000000000 2.86500000000000000000 -85.9706
1.92000000000000000000 2.97000000000000000000 -85.2882
1.92000000000000000000 3.07500000000000000000 -84.4183
1.92000000000000000000 3.18000000000000000000 -83.4906
1.92000000000000000000 3.28500000000000000000 -82.7538
1.92000000000000000000 3.39000000000000000000 -82.0507
1.92000000000000000000 3.49500000000000000000 -81.4345
1.92000000000000000000 3.60000000000000000000 -80.8916
1.92000000000000000000 3.70500000000000000000 -80.3933
1.92000000000000000000 3.81000000000000000000 -79.9022
1.92000000000000000000 3.91500000000000000000 -79.4842
1.92000000000000000000 4.02000000000000000000 -79.0788
1.92000000000000000000 4.12500000000000000000 -78.8053
1.92000000000000000000 4.23000000000000000000 -78.3474
1.92000000000000000000 4.33500000000000000000 -78.1438
1.92000000000000000000 4.44000000000000000000 -77.7882
1.92000000000000000000 4.54500000000000000000 -77.5347
1.92000000000000000000 4.65000000000000000000 -77.2979
1.92000000000000000000 4.75500000000000000000 -77.0447
1.92000000000000000000 4.86000000000000000000 -76.8887
1.92000000000000000000 4.96500000000000000000 -76.5862
1.92000000000000000000 5.07000000000000000000 -76.2577
1.92000000000000000000 5.17500000000000000000 -76.1649
1.92000000000000000000 5.28000000000000000000 -76.0183
1.92000000000000000000 5.38500000000000000000 -75.908
1.92000000000000000000 5.49000000000000000000 -75.761
2.02500000000000000000 1.50000000000000000000 11.3679
2.02500000000000000000 1.60500000000000000000 -18.5243
2.02500000000000000000 1.71000000000000000000 -38.6602
2.02500000000000000000 1.81500000000000000000 -52.3235
2.02500000000000000000 1.92000000000000000000 -61.8216
2.02500000000000000000 2.02500000000000000000 -68.6741
2.02500000000000000000 2.13000000000000000000 -73.7937
2.02500000000000000000 2.23500000000000000000 -77.6615
2.02500000000000000000 2.34000000000000000000 -80.4892
2.02500000000000000000 2.44500000000000000000 -82.3635
2.02500000000000000000 2.55000000000000000000 -83.3479
2.02500000000000000000 2.65500000000000000000 -83.5442
2.02500000000000000000 2.76000000000000000000 -83.0924
2.02500000000000000000 2.86500000000000000000 -82.2441
2.02500000000000000000 2.97000000000000000000 -81.0199
2.02500000000000000000 3.07500000000000000000 -79.9002
2.02500000000000000000 3.18000000000000000000 -78.9133
2.02500000000000000000 3.28500000000000000000 -77.9425
2.02500000000000000000 3.39000000000000000000 -77.1712
2.02500000000000000000 3.49500000000000000000 -76.4273
2.02500000000000000000 3.60000000000000000000 -75.8266
2.02500000000000000000 3.70500000000000000000 -75.27
2.02500000000000000000 3.81000000000000000000 -74.6879
2.02500000000000000000 3.91500000000000000000 -74.2224
2.02500000000000000000 4.02000000000000000000 -73.794
2.02500000000000000000 4.12500000000000000000 -73.403
2.02500000000000000000 4.23000000000000000000 -73.0769
2.02500000000000000000 4.33500000000000000000 -72.6693
2.02500000000000000000 4.44000000000000000000 -72.2864
2.02500000000000000000 4.54500000000000000000 -71.9826
2.02500000000000000000 4.65000000000000000000 -71.743
2.02500000000000000000 4.75500000000000000000 -71.5688
2.02500000000000000000 4.86000000000000000000 -71.3146
2.02500000000000000000 4.96500000000000000000 -71.0555
2.02500000000000000000 5.07000000000000000000 -70.8492
2.02500000000000000000 5.17500000000000000000 -70.5234
2.02500000000000000000 5.28000000000000000000 -70.3139
2.02500000000000000000 5.38500000000000000000 -70.2122
2.02500000000000000000 5.49000000000000000000 -69.9558
2.13000000000000000000 1.50000000000000000000 -5.24975
2.13000000000000000000 1.60500000000000000000 -32.7811
2.13000000000000000000 1.71000000000000000000 -50.5555
2.13000000000000000000 1.81500000000000000000 -61.8885
2.13000000000000000000 1.92000000000000000000 -69.1143
2.13000000000000000000 2.02500000000000000000 -73.7937
2.13000000000000000000 2.13000000000000000000 -76.8917
2.13000000000000000000 2.23500000000000000000 -78.9344
2.13000000000000000000 2.34000000000000000000 -80.1653
2.13000000000000000000 2.44500000000000000000 -80.6794
2.13000000000000000000 2.55000000000000000000 -80.5347
2.13000000000000000000 2.65500000000000000000 -79.8173
2.13000000000000000000 2.76000000000000000000 -78.6638
2.13000000000000000000 2.86500000000000000000 -77.2508
2.13000000000000000000 2.97000000000000000000 -75.7562
2.13000000000000000000 3.07500000000000000000 -74.3242
2.13000000000000000000 3.18000000000000000000 -73.043
2.13000000000000000000 3.28500000000000000000 -71.9423
2.13000000000000000000 3.39000000000000000000 -71.0087
2.13000000000000000000 3.49500000000000000000 -70.1734
2.13000000000000000000 3.60000000000000000000 -69.5092
2.13000000000000000000 3.70500000000000000000 -68.8797
2.13000000000000000000 3.81000000000000000000 -68.3028
2.13000000000000000000 3.91500000000000000000 -67.7681
2.13000000000000000000 4.02000000000000000000 -67.2701
2.13000000000000000000 4.12500000000000000000 -66.8058
2.13000000000000000000 4.23000000000000000000 -66.3728
2.13000000000000000000 4.33500000000000000000 -65.9691
2.13000000000000000000 4.44000000000000000000 -65.5923
2.13000000000000000000 4.54500000000000000000 -65.2403
2.13000000000000000000 4.65000000000000000000 -64.9108
2.13000000000000000000 4.75500000000000000000 -64.6018
2.13000000000000000000 4.86000000000000000000 -64.3113
2.13000000000000000000 4.96500000000000000000 -64.0123
2.13000000000000000000 5.07000000000000000000 -63.78
2.13000000000000000000 5.17500000000000000000 -63.307
2.13000000000000000000 5.28000000000000000000 -63.306
2.13000000000000000000 5.38500000000000000000 -63.0879
2.13000000000000000000 5.49000000000000000000 -62.8809
2.23500000000000000000 1.50000000000000000000 -19.0981
2.23500000000000000000 1.60500000000000000000 -44.6556
2.23500000000000000000 1.71000000000000000000 -60.3977
2.23500000000000000000 1.81500000000000000000 -69.6957
2.23500000000000000000 1.92000000000000000000 -74.9178
2.23500000000000000000 2.02500000000000000000 -77.6615
2.23500000000000000000 2.13000000000000000000 -78.9344
2.23500000000000000000 2.23500000000000000000 -79.3077
2.23500000000000000000 2.34000000000000000000 -79.0558
2.23500000000000000000 2.44500000000000000000 -78.2932
2.23500000000000000000 2.55000000000000000000 -77.0774
2.23500000000000000000 2.65500000000000000000 -75.4859
2.23500000000000000000 2.76000000000000000000 -73.6405
2.23500000000000000000 2.86500000000000000000 -71.6947
2.23500000000000000000 2.97000000000000000000 -69.7424
2.23500000000000000000 3.07500000000000000000 -68.0672
2.23500000000000000000 3.18000000000000000000 -66.5461
2.23500000000000000000 3.28500000000000000000 -65.2781
2.23500000000000000000 3.39000000000000000000 -64.2156
2.23500000000000000000 3.49500000000000000000 -63.2372
2.23500000000000000000 3.60000000000000000000 -62.5213
2.23500000000000000000 3.70500000000000000000 -61.7503
2.23500000000000000000 3.81000000000000000000 -61.0604
2.23500000000000000000 3.91500000000000000000 -60.4308
2.23500000000000000000 4.02000000000000000000 -59.9039
2.23500000000000000000 4.12500000000000000000 -59.4493
2.23500000000000000000 4.23000000000000000000 -58.8426
2.23500000000000000000 4.33500000000000000000 -58.5011
2.23500000000000000000 4.44000000000000000000 -58.0299
2.23500000000000000000 4.54500000000000000000 -57.5628
2.23500000000000000000 4.65000000000000000000 -57.1353
2.23500000000000000000 4.75500000000000000000 -56.9487
2.23500000000000000000 4.86000000000000000000 -56.5399
2.23500000000000000000 4.96500000000000000000 -56.172
2.23500000000000000000 5.07000000000000000000 -56.0226
2.23500000000000000000 5.17500000000000000000 -55.618
2.23500000000000000000 5.28000000000000000000 -55.4436
2.23500000000000000000 5.38500000000000000000 -55.1727
2.23500000000000000000 5.49000000000000000000 -54.9656
2.34000000000000000000 1.50000000000000000000 -30.3021
2.34000000000000000000 1.60500000000000000000 -54.269
2.34000000000000000000 1.71000000000000000000 -68.3274
2.34000000000000000000 1.81500000000000000000 -75.7989
2.34000000000000000000 1.92000000000000000000 -79.4191
2.34000000000000000000 2.02500000000000000000 -80.4892
2.34000000000000000000 2.13000000000000000000 -80.1653
2.34000000000000000000 2.23500000000000000000 -79.0558
2.34000000000000000000 2.34000000000000000000 -77.4711
2.34000000000000000000 2.44500000000000000000 -75.5432
2.34000000000000000000 2.55000000000000000000 -73.3391
2.34000000000000000000 2.65500000000000000000 -70.9324
2.34000000000000000000 2.76000000000000000000 -68.4316
2.34000000000000000000 2.86500000000000000000 -65.9741
2.34000000000000000000 2.97000000000000000000 -63.6889
2.34000000000000000000 3.07500000000000000000 -61.6645
2.34000000000000000000 3.18000000000000000000 -59.9359
2.34000000000000000000 3.28500000000000000000 -58.4865
2.34000000000000000000 3.39000000000000000000 -57.2699
2.34000000000000000000 3.49500000000000000000 -56.2321
2.34000000000000000000 3.60000000000000000000 -55.3241
2.34000000000000000000 3.70500000000000000000 -54.5113
2.34000000000000000000 3.81000000000000000000 -53.7711
2.34000000000000000000 3.91500000000000000000 -53.0877
2.34000000000000000000 4.02000000000000000000 -52.4542
2.34000000000000000000 4.12500000000000000000 -51.8659
2.34000000000000000000 4.23000000000000000000 -51.3186
2.34000000000000000000 4.33500000000000000000 -50.8078
2.34000000000000000000 4.44000000000000000000 -50.3296
2.34000000000000000000 4.54500000000000000000 -49.8843
2.34000000000000000000 4.65000000000000000000 -49.4655
2.34000000000000000000 4.75500000000000000000 -49.0728
2.34000000000000000000 4.86000000000000000000 -48.7027
2.34000000000000000000 4.96500000000000000000 -48.3552
2.34000000000000000000 5.07000000000000000000 -48.0264
2.34000000000000000000 5.17500000000000000000 -47.7149
2.34000000000000000000 5.28000000000000000000 -47.4203
2.34000000000000000000 5.38500000000000000000 -47.142
2.34000000000000000000 5.49000000000000000000 -46.8767
2.44500000000000000000 1.50000000000000000000 -39.0593
2.44500000000000000000 1.60500000000000000000 -61.7595
2.44500000000000000000 1.71000000000000000000 -74.3525
2.44500000000000000000 1.81500000000000000000 -80.6209
2.44500000000000000000 1.92000000000000000000 -82.7033
2.44500000000000000000 2.02500000000000000000 -82.3635
2.44500000000000000000 2.13000000000000000000 -80.6794
2.44500000000000000000 2.23500000000000000000 -78.2932
2.44500000000000000000 2.34000000000000000000 -75.5432
2.44500000000000000000 2.44500000000000000000 -72.5837
2.44500000000000000000 2.55000000000000000000 -69.4929
2.44500000000000000000 2.65500000000000000000 -66.3436
2.44500000000000000000 2.76000000000000000000 -63.2386
2.44500000000000000000 2.86500000000000000000 -60.2975
2.44500000000000000000 2.97000000000000000000 -57.6323
2.44500000000000000000 3.07500000000000000000 -55.3112
2.44500000000000000000 3.18000000000000000000 -53.3482
2.44500000000000000000 3.28500000000000000000 -51.71
2.44500000000000000000 3.39000000000000000000 -50.3379
2.44500000000000000000 3.49500000000000000000 -49.1688
2.44500000000000000000 3.60000000000000000000 -48.1492
2.44500000000000000000 3.70500000000000000000 -47.2391
2.44500000000000000000 3.81000000000000000000 -46.4116
2.44500000000000000000 3.91500000000000000000 -45.6524
2.44500000000000000000 4.02000000000000000000 -44.9497
2.44500000000000000000 4.12500000000000000000 -44.297
2.44500000000000000000 4.23000000000000000000 -43.6906
2.44500000000000000000 4.33500000000000000000 -43.1247
2.44500000000000000000 4.44000000000000000000 -42.5967
2.44500000000000000000 4.54500000000000000000 -42.1022
2.44500000000000000000 4.65000000000000000000 -41.6387
2.44500000000000000000 4.75500000000000000000 -41.2031
2.44500000000000000000 4.86000000000000000000 -40.793
2.44500000000000000000 4.96500000000000000000 -40.4064
2.44500000000000000000 5.07000000000000000000 -40.041
2.44500000000000000000 5.17500000000000000000 -39.6957
2.44500000000000000000 5.28000000000000000000 -39.3684
2.44500000000000000000 5.38500000000000000000 -39.0583
2.44500000000000000000 5.49000000000000000000 -38.7642
2.55000000000000000000 1.50000000000000000000 -45.6248
2.55000000000000000000 1.60500000000000000000 -67.3164
2.55000000000000000000 1.71000000000000000000 -78.8901
2.55000000000000000000 1.81500000000000000000 -83.9273
2.55000000000000000000 1.92000000000000000000 -84.8489
2.55000000000000000000 2.02500000000000000000 -83.3479
2.55000000000000000000 2.13000000000000000000 -80.5347
2.55000000000000000000 2.23500000000000000000 -77.0774
2.55000000000000000000 2.34000000000000000000 -73.3391
2.55000000000000000000 2.44500000000000000000 -69.4929
2.55000000000000000000 2.55000000000000000000 -65.6276
2.55000000000000000000 2.65500000000000000000 -61.82
2.55000000000000000000 2.76000000000000000000 -58.1673
2.55000000000000000000 2.86500000000000000000 -54.7799
2.55000000000000000000 2.97000000000000000000 -51.7545
2.55000000000000000000 3.07500000000000000000 -49.1419
2.55000000000000000000 3.18000000000000000000 -46.9429
2.55000000000000000000 3.28500000000000000000 -45.1106
2.55000000000000000000 3.39000000000000000000 -43.5779
2.55000000000000000000 3.49500000000000000000 -42.2741
2.55000000000000000000 3.60000000000000000000 -41.1396
2.55000000000000000000 3.70500000000000000000 -40.1302
2.55000000000000000000 3.81000000000000000000 -39.2168
2.55000000000000000000 3.91500000000000000000 -38.3802
2.55000000000000000000 4.02000000000000000000 -37.6077
2.55000000000000000000 4.12500000000000000000 -36.8928
2.55000000000000000000 4.23000000000000000000 -36.2283
2.55000000000000000000 4.33500000000000000000 -35.6088
2.55000000000000000000 4.44000000000000000000 -35.03
2.55000000000000000000 4.54500000000000000000 -34.4886
2.55000000000000000000 4.65000000000000000000 -33.9803
2.55000000000000000000 4.75500000000000000000 -33.5025
2.55000000000000000000 4.86000000000000000000 -33.053
2.55000000000000000000 4.96500000000000000000 -32.6293
2.55000000000000000000 5.07000000000000000000 -32.2281
2.55000000000000000000 5.17500000000000000000 -31.8494
2.55000000000000000000 5.28000000000000000000 -31.4903
2.55000000000000000000 5.38500000000000000000 -31.1498
2.55000000000000000000 5.49000000000000000000 -30.8263
2.65500000000000000000 1.50000000000000000000 -50.2993
2.65500000000000000000 1.60500000000000000000 -71.1806
2.65500000000000000000 1.71000000000000000000 -81.8998
2.65500000000000000000 1.81500000000000000000 -86.0014
2.65500000000000000000 1.92000000000000000000 -85.98
2.65500000000000000000 2.02500000000000000000 -83.5442
2.65500000000000000000 2.13000000000000000000 -79.8173
2.65500000000000000000 2.23500000000000000000 -75.4859
2.65500000000000000000 2.34000000000000000000 -70.9324
2.65500000000000000000 2.44500000000000000000 -66.3436
2.65500000000000000000 2.55000000000000000000 -61.82
2.65500000000000000000 2.65500000000000000000 -57.4402
2.65500000000000000000 2.76000000000000000000 -53.3051
2.65500000000000000000 2.86500000000000000000 -49.5128
2.65500000000000000000 2.97000000000000000000 -46.1513
2.65500000000000000000 3.07500000000000000000 -43.2606
2.65500000000000000000 3.18000000000000000000 -40.8296
2.65500000000000000000 3.28500000000000000000 -38.804
2.65500000000000000000 3.39000000000000000000 -37.1085
2.65500000000000000000 3.49500000000000000000 -35.668
2.65500000000000000000 3.60000000000000000000 -34.4172
2.65500000000000000000 3.70500000000000000000 -33.3077
2.65500000000000000000 3.81000000000000000000 -32.3081
2.65500000000000000000 3.91500000000000000000 -31.3954
2.65500000000000000000 4.02000000000000000000 -30.5556
2.65500000000000000000 4.12500000000000000000 -29.7789
2.65500000000000000000 4.23000000000000000000 -29.0574
2.65500000000000000000 4.33500000000000000000 -28.3865
2.65500000000000000000 4.44000000000000000000 -27.7589
2.65500000000000000000 4.54500000000000000000 -27.1719
2.65500000000000000000 4.65000000000000000000 -26.6214
2.65500000000000000000 4.75500000000000000000 -26.1036
2.65500000000000000000 4.86000000000000000000 -25.6154
2.65500000000000000000 4.96500000000000000000 -25.1557
2.65500000000000000000 5.07000000000000000000 -24.7209
2.65500000000000000000 5.17500000000000000000 -24.3087
2.65500000000000000000 5.28000000000000000000 -23.9196
2.65500000000000000000 5.38500000000000000000 -23.5491
2.65500000000000000000 5.49000000000000000000 -23.1985
2.76000000000000000000 1.50000000000000000000 -53.3356
2.76000000000000000000 1.60500000000000000000 -73.6374
2.76000000000000000000 1.71000000000000000000 -83.6597
2.76000000000000000000 1.81500000000000000000 -86.9919
2.76000000000000000000 1.92000000000000000000 -86.2792
2.76000000000000000000 2.02500000000000000000 -83.0924
2.76000000000000000000 2.13000000000000000000 -78.6638
2.76000000000000000000 2.23500000000000000000 -73.6405
2.76000000000000000000 2.34000000000000000000 -68.4316
2.76000000000000000000 2.44500000000000000000 -63.2386
2.76000000000000000000 2.55000000000000000000 -58.1673
2.76000000000000000000 2.65500000000000000000 -53.3051
2.76000000000000000000 2.76000000000000000000 -48.7476
2.76000000000000000000 2.86500000000000000000 -44.5953
2.76000000000000000000 2.97000000000000000000 -40.9265
2.76000000000000000000 3.07500000000000000000 -37.7755
2.76000000000000000000 3.18000000000000000000 -35.1229
2.76000000000000000000 3.28500000000000000000 -32.9082
2.76000000000000000000 3.39000000000000000000 -31.0525
2.76000000000000000000 3.49500000000000000000 -29.4753
2.76000000000000000000 3.60000000000000000000 -28.1078
2.76000000000000000000 3.70500000000000000000 -26.9
2.76000000000000000000 3.81000000000000000000 -25.8138
2.76000000000000000000 3.91500000000000000000 -24.8263
2.76000000000000000000 4.02000000000000000000 -23.9201
2.76000000000000000000 4.12500000000000000000 -23.0838
2.76000000000000000000 4.23000000000000000000 -22.3082
2.76000000000000000000 4.33500000000000000000 -21.5865
2.76000000000000000000 4.44000000000000000000 -20.9133
2.76000000000000000000 4.54500000000000000000 -20.283
2.76000000000000000000 4.65000000000000000000 -19.6915
2.76000000000000000000 4.75500000000000000000 -19.1356
2.76000000000000000000 4.86000000000000000000 -18.6118
2.76000000000000000000 4.96500000000000000000 -18.1172
2.76000000000000000000 5.07000000000000000000 -17.6501
2.76000000000000000000 5.17500000000000000000 -17.2076
2.76000000000000000000 5.28000000000000000000 -16.7885
2.76000000000000000000 5.38500000000000000000 -16.3912
2.76000000000000000000 5.49000000000000000000 -16.0142
2.86500000000000000000 1.50000000000000000000 -55.1851
2.86500000000000000000 1.60500000000000000000 -74.9801
2.86500000000000000000 1.71000000000000000000 -84.4152
2.86500000000000000000 1.81500000000000000000 -87.2884
2.86500000000000000000 1.92000000000000000000 -85.9706
2.86500000000000000000 2.02500000000000000000 -82.2441
2.86500000000000000000 2.13000000000000000000 -77.2508
2.86500000000000000000 2.23500000000000000000 -71.6947
2.86500000000000000000 2.34000000000000000000 -65.9741
2.86500000000000000000 2.44500000000000000000 -60.2975
2.86500000000000000000 2.55000000000000000000 -54.7799
2.86500000000000000000 2.65500000000000000000 -49.5128
2.86500000000000000000 2.76000000000000000000 -44.5953
2.86500000000000000000 2.86500000000000000000 -40.127
2.86500000000000000000 2.97000000000000000000 -36.1826
2.86500000000000000000 3.07500000000000000000 -32.7909
2.86500000000000000000 3.18000000000000000000 -29.9311
2.86500000000000000000 3.28500000000000000000 -27.5371
2.86500000000000000000 3.39000000000000000000 -25.5257
2.86500000000000000000 3.49500000000000000000 -23.8152
2.86500000000000000000 3.60000000000000000000 -22.3329
2.86500000000000000000 3.70500000000000000000 -21.0264
2.86500000000000000000 3.81000000000000000000 -19.8557
2.86500000000000000000 3.91500000000000000000 -18.7941
2.86500000000000000000 4.02000000000000000000 -17.8223
2.86500000000000000000 4.12500000000000000000 -16.9281
2.86500000000000000000 4.23000000000000000000 -16.1003
2.86500000000000000000 4.33500000000000000000 -15.331
2.86500000000000000000 4.44000000000000000000 -14.614
2.86500000000000000000 4.54500000000000000000 -13.9424
2.86500000000000000000 4.65000000000000000000 -13.3135
2.86500000000000000000 4.75500000000000000000 -12.7214
2.86500000000000000000 4.86000000000000000000 -12.1639
2.86500000000000000000 4.96500000000000000000 -11.637
2.86500000000000000000 5.07000000000000000000 -11.1399
2.86500000000000000000 5.17500000000000000000 -10.6688
2.86500000000000000000 5.28000000000000000000 -10.2229
2.86500000000000000000 5.38500000000000000000 -9.79928
2.86500000000000000000 5.49000000000000000000 -9.39716
2.97000000000000000000 1.50000000000000000000 -56.0723
2.97000000000000000000 1.60500000000000000000 -75.5377
2.97000000000000000000 1.71000000000000000000 -84.5844
2.97000000000000000000 1.81500000000000000000 -87.0178
2.97000000000000000000 1.92000000000000000000 -85.2882
2.97000000000000000000 2.02500000000000000000 -81.0199
2.97000000000000000000 2.13000000000000000000 -75.7562
2.97000000000000000000 2.23500000000000000000 -69.7424
2.97000000000000000000 2.34000000000000000000 -63.6889
2.97000000000000000000 2.44500000000000000000 -57.6323
2.97000000000000000000 2.55000000000000000000 -51.7545
2.97000000000000000000 2.65500000000000000000 -46.1513
2.97000000000000000000 2.76000000000000000000 -40.9265
2.97000000000000000000 2.86500000000000000000 -36.1826
2.97000000000000000000 2.97000000000000000000 -31.9931
2.97000000000000000000 3.07500000000000000000 -28.3846
2.97000000000000000000 3.18000000000000000000 -25.3339
2.97000000000000000000 3.28500000000000000000 -22.7713
2.97000000000000000000 3.39000000000000000000 -20.6133
2.97000000000000000000 3.49500000000000000000 -18.7742
2.97000000000000000000 3.60000000000000000000 -17.1808
2.97000000000000000000 3.70500000000000000000 -15.7773
2.97000000000000000000 3.81000000000000000000 -14.5232
2.97000000000000000000 3.91500000000000000000 -13.3887
2.97000000000000000000 4.02000000000000000000 -12.3525
2.97000000000000000000 4.12500000000000000000 -11.4016
2.97000000000000000000 4.23000000000000000000 -10.5233
2.97000000000000000000 4.33500000000000000000 -9.70987
2.97000000000000000000 4.44000000000000000000 -8.951
2.97000000000000000000 4.54500000000000000000 -8.24149
2.97000000000000000000 4.65000000000000000000 -7.57615
2.97000000000000000000 4.75500000000000000000 -6.9505
2.97000000000000000000 4.86000000000000000000 -6.36156
2.97000000000000000000 4.96500000000000000000 -5.8057
2.97000000000000000000 5.07000000000000000000 -5.27991
2.97000000000000000000 5.17500000000000000000 -4.78277
2.97000000000000000000 5.28000000000000000000 -4.31082
2.97000000000000000000 5.38500000000000000000 -3.86368
2.97000000000000000000 5.49000000000000000000 -3.4389
3.07500000000000000000 1.50000000000000000000 -56.5019
3.07500000000000000000 1.60500000000000000000 -75.5455
3.07500000000000000000 1.71000000000000000000 -84.3316
3.07500000000000000000 1.81500000000000000000 -86.4522
3.07500000000000000000 1.92000000000000000000 -84.4183
3.07500000000000000000 2.02500000000000000000 -79.9002
3.07500000000000000000 2.13000000000000000000 -74.3242
3.07500000000000000000 2.23500000000000000000 -68.0672
3.07500000000000000000 2.34000000000000000000 -61.6645
3.07500000000000000000 2.44500000000000000000 -55.3112
3.07500000000000000000 2.55000000000000000000 -49.1419
3.07500000000000000000 2.65500000000000000000 -43.2606
3.07500000000000000000 2.76000000000000000000 -37.7755
3.07500000000000000000 2.86500000000000000000 -32.7909
3.07500000000000000000 2.97000000000000000000 -28.3846
3.07500000000000000000 3.07500000000000000000 -24.583
3.07500000000000000000 3.18000000000000000000 -21.3576
3.07500000000000000000 3.28500000000000000000 -18.6404
3.07500000000000000000 3.39000000000000000000 -16.3457
3.07500000000000000000 3.49500000000000000000 -14.3856
3.07500000000000000000 3.60000000000000000000 -12.6865
3.07500000000000000000 3.70500000000000000000 -11.1895
3.07500000000000000000 3.81000000000000000000 -9.85373
3.07500000000000000000 3.91500000000000000000 -8.64809
3.07500000000000000000 4.02000000000000000000 -7.5502
3.07500000000000000000 4.12500000000000000000 -6.54426
3.07500000000000000000 4.23000000000000000000 -5.6171
3.07500000000000000000 4.33500000000000000000 -4.75817
3.07500000000000000000 4.44000000000000000000 -3.95988
3.07500000000000000000 4.54500000000000000000 -3.21365
3.07500000000000000000 4.65000000000000000000 -2.51539
3.07500000000000000000 4.75500000000000000000 -1.85849
3.07500000000000000000 4.86000000000000000000 -1.24089
3.07500000000000000000 4.96500000000000000000 -0.657261
3.07500000000000000000 5.07000000000000000000 -0.106253
3.07500000000000000000 5.17500000000000000000 0.41579
3.07500000000000000000 5.28000000000000000000 0.910185
3.07500000000000000000 5.38500000000000000000 1.37955
3.07500000000000000000 5.49000000000000000000 1.82554
3.18000000000000000000 1.50000000000000000000 -56.3332
3.18000000000000000000 1.60500000000000000000 -75.2332
3.18000000000000000000 1.71000000000000000000 -83.8358
3.18000000000000000000 1.81500000000000000000 -85.7137
3.18000000000000000000 1.92000000000000000000 -83.4906
3.18000000000000000000 2.02500000000000000000 -78.9133
3.18000000000000000000 2.13000000000000000000 -73.043
3.18000000000000000000 2.23500000000000000000 -66.5461
3.18000000000000000000 2.34000000000000000000 -59.9359
3.18000000000000000000 2.44500000000000000000 -53.3482
3.18000000000000000000 2.55000000000000000000 -46.9429
3.18000000000000000000 2.65500000000000000000 -40.8296
3.18000000000000000000 2.76000000000000000000 -35.1229
3.18000000000000000000 2.86500000000000000000 -29.9311
3.18000000000000000000 2.97000000000000000000 -25.3339
3.18000000000000000000 3.07500000000000000000 -21.3576
3.18000000000000000000 3.18000000000000000000 -17.975
3.18000000000000000000 3.28500000000000000000 -15.1174
3.18000000000000000000 3.39000000000000000000 -12.6968
3.18000000000000000000 3.49500000000000000000 -10.6244
3.18000000000000000000 3.60000000000000000000 -8.82617
3.18000000000000000000 3.70500000000000000000 -7.24167
3.18000000000000000000 3.81000000000000000000 -5.82776
3.18000000000000000000 3.91500000000000000000 -4.55358
3.18000000000000000000 4.02000000000000000000 -3.39541
3.18000000000000000000 4.12500000000000000000 -2.33566
3.18000000000000000000 4.23000000000000000000 -1.36069
3.18000000000000000000 4.33500000000000000000 -0.459233
3.18000000000000000000 4.44000000000000000000 0.377966
3.18000000000000000000 4.54500000000000000000 1.15865
3.18000000000000000000 4.65000000000000000000 1.88914
3.18000000000000000000 4.75500000000000000000 2.57438
3.18000000000000000000 4.86000000000000000000 3.21953
3.18000000000000000000 4.96500000000000000000 3.8282
3.18000000000000000000 5.07000000000000000000 4.403
3.18000000000000000000 5.17500000000000000000 4.94718
3.18000000000000000000 5.28000000000000000000 5.4623
3.18000000000000000000 5.38500000000000000000 5.95128
3.18000000000000000000 5.49000000000000000000 6.41586
3.28500000000000000000 1.50000000000000000000 -55.9625
3.28500000000000000000 1.60500000000000000000 -74.7574
3.28500000000000000000 1.71000000000000000000 -83.2679
3.28500000000000000000 1.81500000000000000000 -85.0906
3.28500000000000000000 1.92000000000000000000 -82.7538
3.28500000000000000000 2.02500000000000000000 -77.9425
3.28500000000000000000 2.13000000000000000000 -71.9423
3.28500000000000000000 2.23500000000000000000 -65.2781
3.28500000000000000000 2.34000000000000000000 -58.4865
3.28500000000000000000 2.44500000000000000000 -51.71
3.28500000000000000000 2.55000000000000000000 -45.1106
3.28500000000000000000 2.65500000000000000000 -38.804
3.28500000000000000000 2.76000000000000000000 -32.9082
3.28500000000000000000 2.86500000000000000000 -27.5371
3.28500000000000000000 2.97000000000000000000 -22.7713
3.28500000000000000000 3.07500000000000000000 -18.6404
3.28500000000000000000 3.18000000000000000000 -15.1174
3.28500000000000000000 3.28500000000000000000 -12.1326
3.28500000000000000000 3.39000000000000000000 -9.59757
3.28500000000000000000 3.49500000000000000000 -7.42313
3.28500000000000000000 3.60000000000000000000 -5.53362
3.28500000000000000000 3.70500000000000000000 -3.86811
3.28500000000000000000 3.81000000000000000000 -2.38217
3.28500000000000000000 3.91500000000000000000 -1.04399
3.28500000000000000000 4.02000000000000000000 0.17169
3.28500000000000000000 4.12500000000000000000 1.28238
3.28500000000000000000 4.23000000000000000000 2.30302
3.28500000000000000000 4.33500000000000000000 3.24537
3.28500000000000000000 4.44000000000000000000 4.11953
3.28500000000000000000 4.54500000000000000000 4.93366
3.28500000000000000000 4.65000000000000000000 5.69452
3.28500000000000000000 4.75500000000000000000 6.40793
3.28500000000000000000 4.86000000000000000000 7.07852
3.28500000000000000000 4.96500000000000000000 7.71046
3.28500000000000000000 5.07000000000000000000 8.30706
3.28500000000000000000 5.17500000000000000000 8.87126
3.28500000000000000000 5.28000000000000000000 9.40547
3.28500000000000000000 5.38500000000000000000 9.91162
3.28500000000000000000 5.49000000000000000000 10.3921
3.39000000000000000000 1.50000000000000000000 -55.5392
3.39000000000000000000 1.60500000000000000000 -74.2991
3.39000000000000000000 1.71000000000000000000 -82.7537
3.39000000000000000000 1.81500000000000000000 -84.488
3.39000000000000000000 1.92000000000000000000 -82.0507
3.39000000000000000000 2.02500000000000000000 -77.1712
3.39000000000000000000 2.13000000000000000000 -71.0087
3.39000000000000000000 2.23500000000000000000 -64.2156
3.39000000000000000000 2.34000000000000000000 -57.2699
3.39000000000000000000 2.44500000000000000000 -50.3379
3.39000000000000000000 2.55000000000000000000 -43.5779
3.39000000000000000000 2.65500000000000000000 -37.1085
3.39000000000000000000 2.76000000000000000000 -31.0525
3.39000000000000000000 2.86500000000000000000 -25.5257
3.39000000000000000000 2.97000000000000000000 -20.6133
3.39000000000000000000 3.07500000000000000000 -16.3457
3.39000000000000000000 3.18000000000000000000 -12.6968
3.39000000000000000000 3.28500000000000000000 -9.59757
3.39000000000000000000 3.39000000000000000000 -6.95946
3.39000000000000000000 3.49500000000000000000 -4.6928
3.39000000000000000000 3.60000000000000000000 -2.7204
3.39000000000000000000 3.70500000000000000000 -0.981907
3.39000000000000000000 3.81000000000000000000 0.569611
3.39000000000000000000 3.91500000000000000000 1.96642
3.39000000000000000000 4.02000000000000000000 3.23366
3.39000000000000000000 4.12500000000000000000 4.3907
3.39000000000000000000 4.23000000000000000000 5.45298
3.39000000000000000000 4.33500000000000000000 6.43241
3.39000000000000000000 4.44000000000000000000 7.33991
3.39000000000000000000 4.54500000000000000000 8.18384
3.39000000000000000000 4.65000000000000000000 8.97145
3.39000000000000000000 4.75500000000000000000 9.70878
3.39000000000000000000 4.86000000000000000000 10.4007
3.39000000000000000000 4.96500000000000000000 11.0523
3.39000000000000000000 5.07000000000000000000 11.6647
3.39000000000000000000 5.17500000000000000000 12.2438
3.39000000000000000000 5.28000000000000000000 12.7915
3.39000000000000000000 5.38500000000000000000 13.3094
3.39000000000000000000 5.49000000000000000000 13.7994
3.49500000000000000000 1.50000000000000000000 -55.0701
3.49500000000000000000 1.60500000000000000000 -73.8393
3.49500000000000000000 1.71000000000000000000 -82.2554
3.49500000000000000000 1.81500000000000000000 -83.9366
3.49500000000000000000 1.92000000000000000000 -81.4345
3.49500000000000000000 2.02500000000000000000 -76.4273
3.49500000000000000000 2.13000000000000000000 -70.1734
3.49500000000000000000 2.23500000000000000000 -63.2372
3.49500000000000000000 2.34000000000000000000 -56.2321
3.49500000000000000000 2.44500000000000000000 -49.1688
3.49500000000000000000 2.55000000000000000000 -42.2741
3.49500000000000000000 2.65500000000000000000 -35.668
3.49500000000000000000 2.76000000000000000000 -29.4753
3.49500000000000000000 2.86500000000000000000 -23.8152
3.49500000000000000000 2.97000000000000000000 -18.7742
3.49500000000000000000 3.07500000000000000000 -14.3856
3.49500000000000000000 3.18000000000000000000 -10.6244
3.49500000000000000000 3.28500000000000000000 -7.42313
3.49500000000000000000 3.39000000000000000000 -4.6928
3.49500000000000000000 3.49500000000000000000 -2.34342
3.49500000000000000000 3.60000000000000000000 -0.297631
3.49500000000000000000 3.70500000000000000000 1.50705
3.49500000000000000000 3.81000000000000000000 3.11693
3.49500000000000000000 3.91500000000000000000 4.56519
3.49500000000000000000 4.02000000000000000000 5.87866
3.49500000000000000000 4.12500000000000000000 7.07632
3.49500000000000000000 4.23000000000000000000 8.17427
3.49500000000000000000 4.33500000000000000000 9.18525
3.49500000000000000000 4.44000000000000000000 10.1207
3.49500000000000000000 4.54500000000000000000 10.9892
3.49500000000000000000 4.65000000000000000000 11.7981
3.49500000000000000000 4.75500000000000000000 12.5542
3.49500000000000000000 4.86000000000000000000 13.2624
3.49500000000000000000 4.96500000000000000000 13.9275
3.49500000000000000000 5.07000000000000000000 14.5533
3.49500000000000000000 5.17500000000000000000 15.2811
3.49500000000000000000 5.28000000000000000000 15.8441
3.49500000000000000000 5.38500000000000000000 16.3788
3.49500000000000000000 5.49000000000000000000 16.8869
3.60000000000000000000 1.50000000000000000000 -54.5901
3.60000000000000000000 1.60500000000000000000 -73.4723
3.60000000000000000000 1.71000000000000000000 -81.7754
3.60000000000000000000 1.81500000000000000000 -83.4407
3.60000000000000000000 1.92000000000000000000 -80.8916
3.60000000000000000000 2.02500000000000000000 -75.8266
3.60000000000000000000 2.13000000000000000000 -69.5092
3.60000000000000000000 2.23500000000000000000 -62.5213
3.60000000000000000000 2.34000000000000000000 -55.3241
3.60000000000000000000 2.44500000000000000000 -48.1492
3.60000000000000000000 2.55000000000000000000 -41.1396
3.60000000000000000000 2.65500000000000000000 -34.4172
3.60000000000000000000 2.76000000000000000000 -28.1078
3.60000000000000000000 2.86500000000000000000 -22.3329
3.60000000000000000000 2.97000000000000000000 -17.1808
3.60000000000000000000 3.07500000000000000000 -12.6865
3.60000000000000000000 3.18000000000000000000 -8.82617
3.60000000000000000000 3.28500000000000000000 -5.53362
3.60000000000000000000 3.39000000000000000000 -2.7204
3.60000000000000000000 3.49500000000000000000 -0.297631
3.60000000000000000000 3.60000000000000000000 1.81449
3.60000000000000000000 3.70500000000000000000 3.67746
3.60000000000000000000 3.81000000000000000000 5.33839
3.60000000000000000000 3.91500000000000000000 6.83215
3.60000000000000000000 4.02000000000000000000 8.18497
3.60000000000000000000 4.12500000000000000000 9.4173
3.60000000000000000000 4.23000000000000000000 10.5459
3.60000000000000000000 4.33500000000000000000 11.5833
3.60000000000000000000 4.44000000000000000000 12.5416
3.60000000000000000000 4.54500000000000000000 13.43
3.60000000000000000000 4.65000000000000000000 14.2563
3.60000000000000000000 4.75500000000000000000 15.0272
3.60000000000000000000 4.86000000000000000000 15.7486
3.60000000000000000000 4.96500000000000000000 16.4251
3.60000000000000000000 5.07000000000000000000 17.0609
3.60000000000000000000 5.17500000000000000000 17.6603
3.60000000000000000000 5.28000000000000000000 18.4909
3.60000000000000000000 5.38500000000000000000 19.0372
3.60000000000000000000 5.49000000000000000000 19.5562
3.70500000000000000000 1.50000000000000000000 -54.16
3.70500000000000000000 1.60500000000000000000 -72.9392
3.70500000000000000000 1.71000000000000000000 -81.3572
3.70500000000000000000 1.81500000000000000000 -82.9943
3.70500000000000000000 1.92000000000000000000 -80.3933
3.70500000000000000000 2.02500000000000000000 -75.27
3.70500000000000000000 2.13000000000000000000 -68.8797
3.70500000000000000000 2.23500000000000000000 -61.7503
3.70500000000000000000 2.34000000000000000000 -54.5113
3.70500000000000000000 2.44500000000000000000 -47.2391
3.70500000000000000000 2.55000000000000000000 -40.1302
3.70500000000000000000 2.65500000000000000000 -33.3077
3.70500000000000000000 2.76000000000000000000 -26.9
3.70500000000000000000 2.86500000000000000000 -21.0264
3.70500000000000000000 2.97000000000000000000 -15.7773
3.70500000000000000000 3.07500000000000000000 -11.1895
3.70500000000000000000 3.18000000000000000000 -7.24167
3.70500000000000000000 3.28500000000000000000 -3.86811
3.70500000000000000000 3.39000000000000000000 -0.981907
3.70500000000000000000 3.49500000000000000000 1.50705
3.70500000000000000000 3.60000000000000000000 3.67746
3.70500000000000000000 3.70500000000000000000 5.59142
3.70500000000000000000 3.81000000000000000000 7.29736
3.70500000000000000000 3.91500000000000000000 8.83021
3.70500000000000000000 4.02000000000000000000 10.2171
3.70500000000000000000 4.12500000000000000000 11.479
3.70500000000000000000 4.23000000000000000000 12.6328
3.70500000000000000000 4.33500000000000000000 13.6925
3.70500000000000000000 4.44000000000000000000 14.67
3.70500000000000000000 4.54500000000000000000 15.5743
3.70500000000000000000 4.65000000000000000000 16.4147
3.70500000000000000000 4.75500000000000000000 17.1978
3.70500000000000000000 4.86000000000000000000 17.9299
3.70500000000000000000 4.96500000000000000000 18.6156
3.70500000000000000000 5.07000000000000000000 19.2603
3.70500000000000000000 5.17500000000000000000 19.8669
3.70500000000000000000 5.28000000000000000000 20.8454
3.70500000000000000000 5.38500000000000000000 21.4015
3.70500000000000000000 5.49000000000000000000 21.93
3.81000000000000000000 1.50000000000000000000 -53.7702
3.81000000000000000000 1.60500000000000000000 -72.5658
3.81000000000000000000 1.71000000000000000000 -80.977
3.81000000000000000000 1.81500000000000000000 -82.6054
3.81000000000000000000 1.92000000000000000000 -79.9022
3.81000000000000000000 2.02500000000000000000 -74.6879
3.81000000000000000000 2.13000000000000000000 -68.3028
3.81000000000000000000 2.23500000000000000000 -61.0604
3.81000000000000000000 2.34000000000000000000 -53.7711
3.81000000000000000000 2.44500000000000000000 -46.4116
3.81000000000000000000 2.55000000000000000000 -39.2168
3.81000000000000000000 2.65500000000000000000 -32.3081
3.81000000000000000000 2.76000000000000000000 -25.8138
3.81000000000000000000 2.86500000000000000000 -19.8557
3.81000000000000000000 2.97000000000000000000 -14.5232
3.81000000000000000000 3.07500000000000000000 -9.85373
3.81000000000000000000 3.18000000000000000000 -5.82776
3.81000000000000000000 3.28500000000000000000 -2.38217
3.81000000000000000000 3.39000000000000000000 0.569611
3.81000000000000000000 3.49500000000000000000 3.11693
3.81000000000000000000 3.60000000000000000000 5.33839
3.81000000000000000000 3.70500000000000000000 7.29736
3.81000000000000000000 3.81000000000000000000 9.04217
3.81000000000000000000 3.91500000000000000000 10.6088
3.81000000000000000000 4.02000000000000000000 12.0248
3.81000000000000000000 4.12500000000000000000 13.3115
3.81000000000000000000 4.23000000000000000000 14.4868
3.81000000000000000000 4.33500000000000000000 15.5649
3.81000000000000000000 4.44000000000000000000 16.5576
3.81000000000000000000 4.54500000000000000000 17.4755
3.81000000000000000000 4.65000000000000000000 18.3274
3.81000000000000000000 4.75500000000000000000 19.1204
3.81000000000000000000 4.86000000000000000000 19.8612
3.81000000000000000000 4.96500000000000000000 20.555
3.81000000000000000000 5.07000000000000000000 21.2064
3.81000000000000000000 5.17500000000000000000 21.8197
3.81000000000000000000 5.28000000000000000000 22.3981
3.81000000000000000000 5.38500000000000000000 23.5196
3.81000000000000000000 5.49000000000000000000 24.056
3.91500000000000000000 1.50000000000000000000 -53.4169
3.91500000000000000000 1.60500000000000000000 -72.2253
3.91500000000000000000 1.71000000000000000000 -80.6296
3.91500000000000000000 1.81500000000000000000 -82.1203
3.91500000000000000000 1.92000000000000000000 -79.4842
3.91500000000000000000 2.02500000000000000000 -74.2224
3.91500000000000000000 2.13000000000000000000 -67.7681
3.91500000000000000000 2.23500000000000000000 -60.4308
3.91500000000000000000 2.34000000000000000000 -53.0877
3.91500000000000000000 2.44500000000000000000 -45.6524
3.91500000000000000000 2.55000000000000000000 -38.3802
3.91500000000000000000 2.65500000000000000000 -31.3954
3.91500000000000000000 2.76000000000000000000 -24.8263
3.91500000000000000000 2.86500000000000000000 -18.7941
3.91500000000000000000 2.97000000000000000000 -13.3887
3.91500000000000000000 3.07500000000000000000 -8.64809
3.91500000000000000000 3.18000000000000000000 -4.55358
3.91500000000000000000 3.28500000000000000000 -1.04399
3.91500000000000000000 3.39000000000000000000 1.96642
3.91500000000000000000 3.49500000000000000000 4.56519
3.91500000000000000000 3.60000000000000000000 6.83215
3.91500000000000000000 3.70500000000000000000 8.83021
3.91500000000000000000 3.81000000000000000000 10.6088
3.91500000000000000000 3.91500000000000000000 12.2045
3.91500000000000000000 4.02000000000000000000 13.6451
3.91500000000000000000 4.12500000000000000000 14.9529
3.91500000000000000000 4.23000000000000000000 16.146
3.91500000000000000000 4.33500000000000000000 17.2392
3.91500000000000000000 4.44000000000000000000 18.2451
3.91500000000000000000 4.54500000000000000000 19.1739
3.91500000000000000000 4.65000000000000000000 20.0353
3.91500000000000000000 4.75500000000000000000 20.8366
3.91500000000000000000 4.86000000000000000000 21.5847
3.91500000000000000000 4.96500000000000000000 22.2852
3.91500000000000000000 5.07000000000000000000 22.9422
3.91500000000000000000 5.17500000000000000000 23.5606
3.91500000000000000000 5.28000000000000000000 24.144
3.91500000000000000000 5.38500000000000000000 24.6952
3.91500000000000000000 5.49000000000000000000 25.2537
4.02000000000000000000 1.50000000000000000000 -53.094
4.02000000000000000000 1.60500000000000000000 -71.912
4.02000000000000000000 1.71000000000000000000 -80.3075
4.02000000000000000000 1.81500000000000000000 -81.8969
4.02000000000000000000 1.92000000000000000000 -79.0788
4.02000000000000000000 2.02500000000000000000 -73.794
4.02000000000000000000 2.13000000000000000000 -67.2701
4.02000000000000000000 2.23500000000000000000 -59.9039
4.02000000000000000000 2.34000000000000000000 -52.4542
4.02000000000000000000 2.44500000000000000000 -44.9497
4.02000000000000000000 2.55000000000000000000 -37.6077
4.02000000000000000000 2.65500000000000000000 -30.5556
4.02000000000000000000 2.76000000000000000000 -23.9201
4.02000000000000000000 2.86500000000000000000 -17.8223
4.02000000000000000000 2.97000000000000000000 -12.3525
4.02000000000000000000 3.07500000000000000000 -7.5502
4.02000000000000000000 3.18000000000000000000 -3.39541
4.02000000000000000000 3.28500000000000000000 0.17169
4.02000000000000000000 3.39000000000000000000 3.23366
4.02000000000000000000 3.49500000000000000000 5.87866
4.02000000000000000000 3.60000000000000000000 8.18497
4.02000000000000000000 3.70500000000000000000 10.2171
4.02000000000000000000 3.81000000000000000000 12.0248
4.02000000000000000000 3.91500000000000000000 13.6451
4.02000000000000000000 4.02000000000000000000 15.1067
4.02000000000000000000 4.12500000000000000000 16.4324
4.02000000000000000000 4.23000000000000000000 17.6404
4.02000000000000000000 4.33500000000000000000 18.7462
4.02000000000000000000 4.44000000000000000000 19.7626
4.02000000000000000000 4.54500000000000000000 20.7008
4.02000000000000000000 4.65000000000000000000 21.57
4.02000000000000000000 4.75500000000000000000 22.378
4.02000000000000000000 4.86000000000000000000 23.132
4.02000000000000000000 4.96500000000000000000 23.8377
4.02000000000000000000 5.07000000000000000000 24.4997
4.02000000000000000000 5.17500000000000000000 25.1225
4.02000000000000000000 5.28000000000000000000 25.71
4.02000000000000000000 5.38500000000000000000 26.3169
4.02000000000000000000 5.49000000000000000000 26.8287
4.12500000000000000000 1.50000000000000000000 -52.7963
4.12500000000000000000 1.60500000000000000000 -71.6214
4.12500000000000000000 1.71000000000000000000 -80.027
4.12500000000000000000 1.81500000000000000000 -81.5484
4.12500000000000000000 1.92000000000000000000 -78.8053
4.12500000000000000000 2.02500000000000000000 -73.403
4.12500000000000000000 2.13000000000000000000 -66.8058
4.12500000000000000000 2.23500000000000000000 -59.4493
4.12500000000000000000 2.34000000000000000000 -51.8659
4.12500000000000000000 2.44500000000000000000 -44.297
4.12500000000000000000 2.55000000000000000000 -36.8928
4.12500000000000000000 2.65500000000000000000 -29.7789
4.12500000000000000000 2.76000000000000000000 -23.0838
4.12500000000000000000 2.86500000000000000000 -16.9281
4.12500000000000000000 2.97000000000000000000 -11.4016
4.12500000000000000000 3.07500000000000000000 -6.54426
4.12500000000000000000 3.18000000000000000000 -2.33566
4.12500000000000000000 3.28500000000000000000 1.28238
4.12500000000000000000 3.39000000000000000000 4.3907
4.12500000000000000000 3.49500000000000000000 7.07632
4.12500000000000000000 3.60000000000000000000 9.4173
4.12500000000000000000 3.70500000000000000000 11.479
4.12500000000000000000 3.81000000000000000000 13.3115
4.12500000000000000000 3.91500000000000000000 14.9529
4.12500000000000000000 4.02000000000000000000 16.4324
4.12500000000000000000 4.12500000000000000000 17.7729
4.12500000000000000000 4.23000000000000000000 18.9934
4.12500000000000000000 4.33500000000000000000 20.1098
4.12500000000000000000 4.44000000000000000000 21.1351
4.12500000000000000000 4.54500000000000000000 22.0805
4.12500000000000000000 4.65000000000000000000 22.9563
4.12500000000000000000 4.75500000000000000000 23.77
4.12500000000000000000 4.86000000000000000000 24.5288
4.12500000000000000000 4.96500000000000000000 25.2387
4.12500000000000000000 5.07000000000000000000 25.9047
4.12500000000000000000 5.17500000000000000000 26.5312
4.12500000000000000000 5.28000000000000000000 27.1219
4.12500000000000000000 5.38500000000000000000 27.7343
4.12500000000000000000 5.49000000000000000000 28.2483
4.23000000000000000000 1.50000000000000000000 -52.5231
4.23000000000000000000 1.60500000000000000000 -71.3511
4.23000000000000000000 1.71000000000000000000 -79.7503
4.23000000000000000000 1.81500000000000000000 -81.2759
4.23000000000000000000 1.92000000000000000000 -78.3474
4.23000000000000000000 2.02500000000000000000 -73.0769
4.23000000000000000000 2.13000000000000000000 -66.3728
4.23000000000000000000 2.23500000000000000000 -58.8426
4.23000000000000000000 2.34000000000000000000 -51.3186
4.23000000000000000000 2.44500000000000000000 -43.6906
4.23000000000000000000 2.55000000000000000000 -36.2283
4.23000000000000000000 2.65500000000000000000 -29.0574
4.23000000000000000000 2.76000000000000000000 -22.3082
4.23000000000000000000 2.86500000000000000000 -16.1003
4.23000000000000000000 2.97000000000000000000 -10.5233
4.23000000000000000000 3.07500000000000000000 -5.6171
4.23000000000000000000 3.18000000000000000000 -1.36069
4.23000000000000000000 3.28500000000000000000 2.30302
4.23000000000000000000 3.39000000000000000000 5.45298
4.23000000000000000000 3.49500000000000000000 8.17427
4.23000000000000000000 3.60000000000000000000 10.5459
4.23000000000000000000 3.70500000000000000000 12.6328
4.23000000000000000000 3.81000000000000000000 14.4868
4.23000000000000000000 3.91500000000000000000 16.146
4.23000000000000000000 4.02000000000000000000 17.6404
4.23000000000000000000 4.12500000000000000000 18.9934
4.23000000000000000000 4.23000000000000000000 20.2246
4.23000000000000000000 4.33500000000000000000 21.3493
4.23000000000000000000 4.44000000000000000000 22.3821
4.23000000000000000000 4.54500000000000000000 23.3337
4.23000000000000000000 4.65000000000000000000 24.2145
4.23000000000000000000 4.75500000000000000000 25.033
4.23000000000000000000 4.86000000000000000000 25.7958
4.23000000000000000000 4.96500000000000000000 26.5093
4.23000000000000000000 5.07000000000000000000 27.1786
4.23000000000000000000 5.17500000000000000000 27.8081
4.23000000000000000000 5.28000000000000000000 28.4015
4.23000000000000000000 5.38500000000000000000 28.9621
4.23000000000000000000 5.49000000000000000000 29.5342
4.33500000000000000000 1.50000000000000000000 -52.2694
4.33500000000000000000 1.60500000000000000000 -71.0992
4.33500000000000000000 1.71000000000000000000 -79.4919
4.33500000000000000000 1.81500000000000000000 -80.9709
4.33500000000000000000 1.92000000000000000000 -78.1438
4.33500000000000000000 2.02500000000000000000 -72.6693
4.33500000000000000000 2.13000000000000000000 -65.9691
4.33500000000000000000 2.23500000000000000000 -58.5011
4.33500000000000000000 2.34000000000000000000 -50.8078
4.33500000000000000000 2.44500000000000000000 -43.1247
4.33500000000000000000 2.55000000000000000000 -35.6088
4.33500000000000000000 2.65500000000000000000 -28.3865
4.33500000000000000000 2.76000000000000000000 -21.5865
4.33500000000000000000 2.86500000000000000000 -15.331
4.33500000000000000000 2.97000000000000000000 -9.70987
4.33500000000000000000 3.07500000000000000000 -4.75817
4.33500000000000000000 3.18000000000000000000 -0.459233
4.33500000000000000000 3.28500000000000000000 3.24537
4.33500000000000000000 3.39000000000000000000 6.43241
4.33500000000000000000 3.49500000000000000000 9.18525
4.33500000000000000000 3.60000000000000000000 11.5833
4.33500000000000000000 3.70500000000000000000 13.6925
4.33500000000000000000 3.81000000000000000000 15.5649
4.33500000000000000000 3.91500000000000000000 17.2392
4.33500000000000000000 4.02000000000000000000 18.7462
4.33500000000000000000 4.12500000000000000000 20.1098
4.33500000000000000000 4.23000000000000000000 21.3493
4.33500000000000000000 4.33500000000000000000 22.4816
4.33500000000000000000 4.44000000000000000000 23.5202
4.33500000000000000000 4.54500000000000000000 24.4771
4.33500000000000000000 4.65000000000000000000 25.3623
4.33500000000000000000 4.75500000000000000000 26.1845
4.33500000000000000000 4.86000000000000000000 26.9508
4.33500000000000000000 4.96500000000000000000 27.6671
4.33500000000000000000 5.07000000000000000000 28.3392
4.33500000000000000000 5.17500000000000000000 28.971
4.33500000000000000000 5.28000000000000000000 29.5667
4.33500000000000000000 5.38500000000000000000 30.1295
4.33500000000000000000 5.49000000000000000000 30.6623
4.44000000000000000000 1.50000000000000000000 -52.0343
4.44000000000000000000 1.60500000000000000000 -70.8647
4.44000000000000000000 1.71000000000000000000 -79.2511
4.44000000000000000000 1.81500000000000000000 -80.7341
4.44000000000000000000 1.92000000000000000000 -77.7882
4.44000000000000000000 2.02500000000000000000 -72.2864
4.44000000000000000000 2.13000000000000000000 -65.5923
4.44000000000000000000 2.23500000000000000000 -58.0299
4.44000000000000000000 2.34000000000000000000 -50.3296
4.44000000000000000000 2.44500000000000000000 -42.5967
4.44000000000000000000 2.55000000000000000000 -35.03
4.44000000000000000000 2.65500000000000000000 -27.7589
4.44000000000000000000 2.76000000000000000000 -20.9133
4.44000000000000000000 2.86500000000000000000 -14.614
4.44000000000000000000 2.97000000000000000000 -8.951
4.44000000000000000000 3.07500000000000000000 -3.95988
4.44000000000000000000 3.18000000000000000000 0.377966
4.44000000000000000000 3.28500000000000000000 4.11953
4.44000000000000000000 3.39000000000000000000 7.33991
4.44000000000000000000 3.49500000000000000000 10.1207
4.44000000000000000000 3.60000000000000000000 12.5416
4.44000000000000000000 3.70500000000000000000 14.67
4.44000000000000000000 3.81000000000000000000 16.5576
4.44000000000000000000 3.91500000000000000000 18.2451
4.44000000000000000000 4.02000000000000000000 19.7626
4.44000000000000000000 4.12500000000000000000 21.1351
4.44000000000000000000 4.23000000000000000000 22.3821
4.44000000000000000000 4.33500000000000000000 23.5202
4.44000000000000000000 4.44000000000000000000 24.5639
4.44000000000000000000 4.54500000000000000000 25.5251
4.44000000000000000000 4.65000000000000000000 26.414
4.44000000000000000000 4.75500000000000000000 27.2392
4.44000000000000000000 4.86000000000000000000 28.0082
4.44000000000000000000 4.96500000000000000000 28.727
4.44000000000000000000 5.07000000000000000000 29.4011
4.44000000000000000000 5.17500000000000000000 30.0351
4.44000000000000000000 5.28000000000000000000 30.6328
4.44000000000000000000 5.38500000000000000000 31.1974
4.44000000000000000000 5.49000000000000000000 31.7318
4.54500000000000000000 1.50000000000000000000 -51.8042
4.54500000000000000000 1.60500000000000000000 -70.6643
4.54500000000000000000 1.71000000000000000000 -79.0268
4.54500000000000000000 1.81500000000000000000 -80.3564
4.54500000000000000000 1.92000000000000000000 -77.5347
4.54500000000000000000 2.02500000000000000000 -71.9826
4.54500000000000000000 2.13000000000000000000 -65.2403
4.54500000000000000000 2.23500000000000000000 -57.5628
4.54500000000000000000 2.34000000000000000000 -49.8843
4.54500000000000000000 2.44500000000000000000 -42.1022
4.54500000000000000000 2.55000000000000000000 -34.4886
4.54500000000000000000 2.65500000000000000000 -27.1719
4.54500000000000000000 2.76000000000000000000 -20.283
4.54500000000000000000 2.86500000000000000000 -13.9424
4.54500000000000000000 2.97000000000000000000 -8.24149
4.54500000000000000000 3.07500000000000000000 -3.21365
4.54500000000000000000 3.18000000000000000000 1.15865
4.54500000000000000000 3.28500000000000000000 4.93366
4.54500000000000000000 3.39000000000000000000 8.18384
4.54500000000000000000 3.49500000000000000000 10.9892
4.54500000000000000000 3.60000000000000000000 13.43
4.54500000000000000000 3.70500000000000000000 15.5743
4.54500000000000000000 3.81000000000000000000 17.4755
4.54500000000000000000 3.91500000000000000000 19.1739
4.54500000000000000000 4.02000000000000000000 20.7008
4.54500000000000000000 4.12500000000000000000 22.0805
4.54500000000000000000 4.23000000000000000000 23.3337
4.54500000000000000000 4.33500000000000000000 24.4771
4.54500000000000000000 4.44000000000000000000 25.5251
4.54500000000000000000 4.54500000000000000000 26.4899
4.54500000000000000000 4.65000000000000000000 27.3819
4.54500000000000000000 4.75500000000000000000 28.2097
4.54500000000000000000 4.86000000000000000000 28.9809
4.54500000000000000000 4.96500000000000000000 29.7017
4.54500000000000000000 5.07000000000000000000 30.3778
4.54500000000000000000 5.17500000000000000000 31.0141
4.54500000000000000000 5.28000000000000000000 31.6127
4.54500000000000000000 5.38500000000000000000 32.1788
4.54500000000000000000 5.49000000000000000000 32.7147
4.65000000000000000000 1.50000000000000000000 -51.6026
4.65000000000000000000 1.60500000000000000000 -70.4625
4.65000000000000000000 1.71000000000000000000 -78.8176
4.65000000000000000000 1.81500000000000000000 -80.2479
4.65000000000000000000 1.92000000000000000000 -77.2979
4.65000000000000000000 2.02500000000000000000 -71.743
4.65000000000000000000 2.13000000000000000000 -64.9108
4.65000000000000000000 2.23500000000000000000 -57.1353
4.65000000000000000000 2.34000000000000000000 -49.4655
4.65000000000000000000 2.44500000000000000000 -41.6387
4.65000000000000000000 2.55000000000000000000 -33.9803
4.65000000000000000000 2.65500000000000000000 -26.6214
4.65000000000000000000 2.76000000000000000000 -19.6915
4.65000000000000000000 2.86500000000000000000 -13.3135
4.65000000000000000000 2.97000000000000000000 -7.57615
4.65000000000000000000 3.07500000000000000000 -2.51539
4.65000000000000000000 3.18000000000000000000 1.88914
4.65000000000000000000 3.28500000000000000000 5.69452
4.65000000000000000000 3.39000000000000000000 8.97145
4.65000000000000000000 3.49500000000000000000 11.7981
4.65000000000000000000 3.60000000000000000000 14.2563
4.65000000000000000000 3.70500000000000000000 16.4147
4.65000000000000000000 3.81000000000000000000 18.3274
4.65000000000000000000 3.91500000000000000000 20.0353
4.65000000000000000000 4.02000000000000000000 21.57
4.65000000000000000000 4.12500000000000000000 22.9563
4.65000000000000000000 4.23000000000000000000 24.2145
4.65000000000000000000 4.33500000000000000000 25.3623
4.65000000000000000000 4.44000000000000000000 26.414
4.65000000000000000000 4.54500000000000000000 27.3819
4.65000000000000000000 4.65000000000000000000 28.2762
4.65000000000000000000 4.75500000000000000000 29.1063
4.65000000000000000000 4.86000000000000000000 29.8795
4.65000000000000000000 4.96500000000000000000 30.6022
4.65000000000000000000 5.07000000000000000000 31.2798
4.65000000000000000000 5.17500000000000000000 31.9169
4.65000000000000000000 5.28000000000000000000 32.5175
4.65000000000000000000 5.38500000000000000000 33.085
4.65000000000000000000 5.49000000000000000000 33.622
4.75500000000000000000 1.50000000000000000000 -51.4144
4.75500000000000000000 1.60500000000000000000 -70.2741
4.75500000000000000000 1.71000000000000000000 -78.6223
4.75500000000000000000 1.81500000000000000000 -79.9664
4.75500000000000000000 1.92000000000000000000 -77.0447
4.75500000000000000000 2.02500000000000000000 -71.5688
4.75500000000000000000 2.13000000000000000000 -64.6018
4.75500000000000000000 2.23500000000000000000 -56.9487
4.75500000000000000000 2.34000000000000000000 -49.0728
4.75500000000000000000 2.44500000000000000000 -41.2031
4.75500000000000000000 2.55000000000000000000 -33.5025
4.75500000000000000000 2.65500000000000000000 -26.1036
4.75500000000000000000 2.76000000000000000000 -19.1356
4.75500000000000000000 2.86500000000000000000 -12.7214
4.75500000000000000000 2.97000000000000000000 -6.9505
4.75500000000000000000 3.07500000000000000000 -1.85849
4.75500000000000000000 3.18000000000000000000 2.57438
4.75500000000000000000 3.28500000000000000000 6.40793
4.75500000000000000000 3.39000000000000000000 9.70878
4.75500000000000000000 3.49500000000000000000 12.5542
4.75500000000000000000 3.60000000000000000000 15.0272
4.75500000000000000000 3.70500000000000000000 17.1978
4.75500000000000000000 3.81000000000000000000 19.1204
4.75500000000000000000 3.91500000000000000000 20.8366
4.75500000000000000000 4.02000000000000000000 22.378
4.75500000000000000000 4.12500000000000000000 23.77
4.75500000000000000000 4.23000000000000000000 25.033
4.75500000000000000000 4.33500000000000000000 26.1845
4.75500000000000000000 4.44000000000000000000 27.2392
4.75500000000000000000 4.54500000000000000000 28.2097
4.75500000000000000000 4.65000000000000000000 29.1063
4.75500000000000000000 4.75500000000000000000 29.9382
4.75500000000000000000 4.86000000000000000000 30.7131
4.75500000000000000000 4.96500000000000000000 31.4373
4.75500000000000000000 5.07000000000000000000 32.1163
4.75500000000000000000 5.17500000000000000000 32.7548
4.75500000000000000000 5.28000000000000000000 33.3565
4.75500000000000000000 5.38500000000000000000 33.9251
4.75500000000000000000 5.49000000000000000000 34.4634
4.86000000000000000000 1.50000000000000000000 -51.2318
4.86000000000000000000 1.60500000000000000000 -70.0982
4.86000000000000000000 1.71000000000000000000 -78.4396
4.86000000000000000000 1.81500000000000000000 -79.7892
4.86000000000000000000 1.92000000000000000000 -76.8887
4.86000000000000000000 2.02500000000000000000 -71.3146
4.86000000000000000000 2.13000000000000000000 -64.3113
4.86000000000000000000 2.23500000000000000000 -56.5399
4.86000000000000000000 2.34000000000000000000 -48.7027
4.86000000000000000000 2.44500000000000000000 -40.793
4.86000000000000000000 2.55000000000000000000 -33.053
4.86000000000000000000 2.65500000000000000000 -25.6154
4.86000000000000000000 2.76000000000000000000 -18.6118
4.86000000000000000000 2.86500000000000000000 -12.1639
4.86000000000000000000 2.97000000000000000000 -6.36156
4.86000000000000000000 3.07500000000000000000 -1.24089
4.86000000000000000000 3.18000000000000000000 3.21953
4.86000000000000000000 3.28500000000000000000 7.07852
4.86000000000000000000 3.39000000000000000000 10.4007
4.86000000000000000000 3.49500000000000000000 13.2624
4.86000000000000000000 3.60000000000000000000 15.7486
4.86000000000000000000 3.70500000000000000000 17.9299
4.86000000000000000000 3.81000000000000000000 19.8612
4.86000000000000000000 3.91500000000000000000 21.5847
4.86000000000000000000 4.02000000000000000000 23.132
4.86000000000000000000 4.12500000000000000000 24.5288
4.86000000000000000000 4.23000000000000000000 25.7958
4.86000000000000000000 4.33500000000000000000 26.9508
4.86000000000000000000 4.44000000000000000000 28.0082
4.86000000000000000000 4.54500000000000000000 28.9809
4.86000000000000000000 4.65000000000000000000 29.8795
4.86000000000000000000 4.75500000000000000000 30.7131
4.86000000000000000000 4.86000000000000000000 31.4895
4.86000000000000000000 4.96500000000000000000 32.215
4.86000000000000000000 5.07000000000000000000 32.8952
4.86000000000000000000 5.17500000000000000000 33.5348
4.86000000000000000000 5.28000000000000000000 34.1376
4.86000000000000000000 5.38500000000000000000 34.7073
4.86000000000000000000 5.49000000000000000000 35.2466
4.96500000000000000000 1.50000000000000000000 -51.0657
4.96500000000000000000 1.60500000000000000000 -69.9335
4.96500000000000000000 1.71000000000000000000 -78.2682
4.96500000000000000000 1.81500000000000000000 -79.6633
4.96500000000000000000 1.92000000000000000000 -76.5862
4.96500000000000000000 2.02500000000000000000 -71.0555
4.96500000000000000000 2.13000000000000000000 -64.0123
4.96500000000000000000 2.23500000000000000000 -56.172
4.96500000000000000000 2.34000000000000000000 -48.3552
4.96500000000000000000 2.44500000000000000000 -40.4064
4.96500000000000000000 2.55000000000000000000 -32.6293
4.96500000000000000000 2.65500000000000000000 -25.1557
4.96500000000000000000 2.76000000000000000000 -18.1172
4.96500000000000000000 2.86500000000000000000 -11.637
4.96500000000000000000 2.97000000000000000000 -5.8057
4.96500000000000000000 3.07500000000000000000 -0.657261
4.96500000000000000000 3.18000000000000000000 3.8282
4.96500000000000000000 3.28500000000000000000 7.71046
4.96500000000000000000 3.39000000000000000000 11.0523
4.96500000000000000000 3.49500000000000000000 13.9275
4.96500000000000000000 3.60000000000000000000 16.4251
4.96500000000000000000 3.70500000000000000000 18.6156
4.96500000000000000000 3.81000000000000000000 20.555
4.96500000000000000000 3.91500000000000000000 22.2852
4.96500000000000000000 4.02000000000000000000 23.8377
4.96500000000000000000 4.12500000000000000000 25.2387
4.96500000000000000000 4.23000000000000000000 26.5093
4.96500000000000000000 4.33500000000000000000 27.6671
4.96500000000000000000 4.44000000000000000000 28.727
4.96500000000000000000 4.54500000000000000000 29.7017
4.96500000000000000000 4.65000000000000000000 30.6022
4.96500000000000000000 4.75500000000000000000 31.4373
4.96500000000000000000 4.86000000000000000000 32.215
4.96500000000000000000 4.96500000000000000000 32.9418
4.96500000000000000000 5.07000000000000000000 33.623
4.96500000000000000000 5.17500000000000000000 34.2636
4.96500000000000000000 5.28000000000000000000 34.8675
4.96500000000000000000 5.38500000000000000000 35.4381
4.96500000000000000000 5.49000000000000000000 35.9783
5.07000000000000000000 1.50000000000000000000 -50.9092
5.07000000000000000000 1.60500000000000000000 -69.7789
5.07000000000000000000 1.71000000000000000000 -78.1072
5.07000000000000000000 1.81500000000000000000 -79.43
5.07000000000000000000 1.92000000000000000000 -76.2577
5.07000000000000000000 2.02500000000000000000 -70.8492
5.07000000000000000000 2.13000000000000000000 -63.78
5.07000000000000000000 2.23500000000000000000 -56.0226
5.07000000000000000000 2.34000000000000000000 -48.0264
5.07000000000000000000 2.44500000000000000000 -40.041
5.07000000000000000000 2.55000000000000000000 -32.2281
5.07000000000000000000 2.65500000000000000000 -24.7209
5.07000000000000000000 2.76000000000000000000 -17.6501
5.07000000000000000000 2.86500000000000000000 -11.1399
5.07000000000000000000 2.97000000000000000000 -5.27991
5.07000000000000000000 3.07500000000000000000 -0.106253
5.07000000000000000000 3.18000000000000000000 4.403
5.07000000000000000000 3.28500000000000000000 8.30706
5.07000000000000000000 3.39000000000000000000 11.6647
5.07000000000000000000 3.49500000000000000000 14.5533
5.07000000000000000000 3.60000000000000000000 17.0609
5.07000000000000000000 3.70500000000000000000 19.2603
5.07000000000000000000 3.81000000000000000000 21.2064
5.07000000000000000000 3.91500000000000000000 22.9422
5.07000000000000000000 4.02000000000000000000 24.4997
5.07000000000000000000 4.12500000000000000000 25.9047
5.07000000000000000000 4.23000000000000000000 27.1786
5.07000000000000000000 4.33500000000000000000 28.3392
5.07000000000000000000 4.44000000000000000000 29.4011
5.07000000000000000000 4.54500000000000000000 30.3778
5.07000000000000000000 4.65000000000000000000 31.2798
5.07000000000000000000 4.75500000000000000000 32.1163
5.07000000000000000000 4.86000000000000000000 32.8952
5.07000000000000000000 4.96500000000000000000 33.623
5.07000000000000000000 5.07000000000000000000 34.3054
5.07000000000000000000 5.17500000000000000000 34.9469
5.07000000000000000000 5.28000000000000000000 35.5517
5.07000000000000000000 5.38500000000000000000 36.1232
5.07000000000000000000 5.49000000000000000000 36.6643
5.17500000000000000000 1.50000000000000000000 -50.7639
5.17500000000000000000 1.60500000000000000000 -69.6336
5.17500000000000000000 1.71000000000000000000 -77.9556
5.17500000000000000000 1.81500000000000000000 -79.3245
5.17500000000000000000 1.92000000000000000000 -76.1649
5.17500000000000000000 2.02500000000000000000 -70.5234
5.17500000000000000000 2.13000000000000000000 -63.307
5.17500000000000000000 2.23500000000000000000 -55.618
5.17500000000000000000 2.34000000000000000000 -47.7149
5.17500000000000000000 2.44500000000000000000 -39.6957
5.17500000000000000000 2.55000000000000000000 -31.8494
5.17500000000000000000 2.65500000000000000000 -24.3087
5.17500000000000000000 2.76000000000000000000 -17.2076
5.17500000000000000000 2.86500000000000000000 -10.6688
5.17500000000000000000 2.97000000000000000000 -4.78277
5.17500000000000000000 3.07500000000000000000 0.41579
5.17500000000000000000 3.18000000000000000000 4.94718
5.17500000000000000000 3.28500000000000000000 8.87126
5.17500000000000000000 3.39000000000000000000 12.2438
5.17500000000000000000 3.49500000000000000000 15.2811
5.17500000000000000000 3.60000000000000000000 17.6603
5.17500000000000000000 3.70500000000000000000 19.8669
5.17500000000000000000 3.81000000000000000000 21.8197
5.17500000000000000000 3.91500000000000000000 23.5606
5.17500000000000000000 4.02000000000000000000 25.1225
5.17500000000000000000 4.12500000000000000000 26.5312
5.17500000000000000000 4.23000000000000000000 27.8081
5.17500000000000000000 4.33500000000000000000 28.971
5.17500000000000000000 4.44000000000000000000 30.0351
5.17500000000000000000 4.54500000000000000000 31.0141
5.17500000000000000000 4.65000000000000000000 31.9169
5.17500000000000000000 4.75500000000000000000 32.7548
5.17500000000000000000 4.86000000000000000000 33.5348
5.17500000000000000000 4.96500000000000000000 34.2636
5.17500000000000000000 5.07000000000000000000 34.9469
5.17500000000000000000 5.17500000000000000000 35.5894
5.17500000000000000000 5.28000000000000000000 36.1952
5.17500000000000000000 5.38500000000000000000 36.7674
5.17500000000000000000 5.49000000000000000000 37.3093
5.28000000000000000000 1.50000000000000000000 -50.6257
5.28000000000000000000 1.60500000000000000000 -69.4966
5.28000000000000000000 1.71000000000000000000 -77.8126
5.28000000000000000000 1.81500000000000000000 -79.1682
5.28000000000000000000 1.92000000000000000000 -76.0183
5.28000000000000000000 2.02500000000000000000 -70.3139
5.28000000000000000000 2.13000000000000000000 -63.306
5.28000000000000000000 2.23500000000000000000 -55.4436
5.28000000000000000000 2.34000000000000000000 -47.4203
5.28000000000000000000 2.44500000000000000000 -39.3684
5.28000000000000000000 2.55000000000000000000 -31.4903
5.28000000000000000000 2.65500000000000000000 -23.9196
5.28000000000000000000 2.76000000000000000000 -16.7885
5.28000000000000000000 2.86500000000000000000 -10.2229
5.28000000000000000000 2.97000000000000000000 -4.31082
5.28000000000000000000 3.07500000000000000000 0.910185
5.28000000000000000000 3.18000000000000000000 5.4623
5.28000000000000000000 3.28500000000000000000 9.40547
5.28000000000000000000 3.39000000000000000000 12.7915
5.28000000000000000000 3.49500000000000000000 15.8441
5.28000000000000000000 3.60000000000000000000 18.4909
5.28000000000000000000 3.70500000000000000000 20.8454
5.28000000000000000000 3.81000000000000000000 22.3981
5.28000000000000000000 3.91500000000000000000 24.144
5.28000000000000000000 4.02000000000000000000 25.71
5.28000000000000000000 4.12500000000000000000 27.1219
5.28000000000000000000 4.23000000000000000000 28.4015
5.28000000000000000000 4.33500000000000000000 29.5667
5.28000000000000000000 4.44000000000000000000 30.6328
5.28000000000000000000 4.54500000000000000000 31.6127
5.28000000000000000000 4.65000000000000000000 32.5175
5.28000000000000000000 4.75500000000000000000 33.3565
5.28000000000000000000 4.86000000000000000000 34.1376
5.28000000000000000000 4.96500000000000000000 34.8675
5.28000000000000000000 5.07000000000000000000 35.5517
5.28000000000000000000 5.17500000000000000000 36.1952
5.28000000000000000000 5.28000000000000000000 36.8015
5.28000000000000000000 5.38500000000000000000 37.3747
5.28000000000000000000 5.49000000000000000000 46.828
5.38500000000000000000 1.50000000000000000000 -50.4974
5.38500000000000000000 1.60500000000000000000 -69.3674
5.38500000000000000000 1.71000000000000000000 -77.6774
5.38500000000000000000 1.81500000000000000000 -78.989
5.38500000000000000000 1.92000000000000000000 -75.908
5.38500000000000000000 2.02500000000000000000 -70.2122
5.38500000000000000000 2.13000000000000000000 -63.0879
5.38500000000000000000 2.23500000000000000000 -55.1727
5.38500000000000000000 2.34000000000000000000 -47.142
5.38500000000000000000 2.44500000000000000000 -39.0583
5.38500000000000000000 2.55000000000000000000 -31.1498
5.38500000000000000000 2.65500000000000000000 -23.5491
5.38500000000000000000 2.76000000000000000000 -16.3912
5.38500000000000000000 2.86500000000000000000 -9.79928
5.38500000000000000000 2.97000000000000000000 -3.86368
5.38500000000000000000 3.07500000000000000000 1.37955
5.38500000000000000000 3.18000000000000000000 5.95128
5.38500000000000000000 3.28500000000000000000 9.91162
5.38500000000000000000 3.39000000000000000000 13.3094
5.38500000000000000000 3.49500000000000000000 16.3788
5.38500000000000000000 3.60000000000000000000 19.0372
5.38500000000000000000 3.70500000000000000000 21.4015
5.38500000000000000000 3.81000000000000000000 23.5196
5.38500000000000000000 3.91500000000000000000 24.6952
5.38500000000000000000 4.02000000000000000000 26.3169
5.38500000000000000000 4.12500000000000000000 27.7343
5.38500000000000000000 4.23000000000000000000 28.9621
5.38500000000000000000 4.33500000000000000000 30.1295
5.38500000000000000000 4.44000000000000000000 31.1974
5.38500000000000000000 4.54500000000000000000 32.1788
5.38500000000000000000 4.65000000000000000000 33.085
5.38500000000000000000 4.75500000000000000000 33.9251
5.38500000000000000000 4.86000000000000000000 34.7073
5.38500000000000000000 4.96500000000000000000 35.4381
5.38500000000000000000 5.07000000000000000000 36.1232
5.38500000000000000000 5.17500000000000000000 36.7674
5.38500000000000000000 5.28000000000000000000 37.3747
5.38500000000000000000 5.38500000000000000000 46.8697
5.38500000000000000000 5.49000000000000000000 47.6834
5.49000000000000000000 1.50000000000000000000 -50.3703
5.49000000000000000000 1.60500000000000000000 -69.2452
5.49000000000000000000 1.71000000000000000000 -77.5496
5.49000000000000000000 1.81500000000000000000 -78.8503
5.49000000000000000000 1.92000000000000000000 -75.761
5.49000000000000000000 2.02500000000000000000 -69.9558
5.49000000000000000000 2.13000000000000000000 -62.8809
5.49000000000000000000 2.23500000000000000000 -54.9656
5.49000000000000000000 2.34000000000000000000 -46.8767
5.49000000000000000000 2.44500000000000000000 -38.7642
5.49000000000000000000 2.55000000000000000000 -30.8263
5.49000000000000000000 2.65500000000000000000 -23.1985
5.49000000000000000000 2.76000000000000000000 -16.0142
5.49000000000000000000 2.86500000000000000000 -9.39716
5.49000000000000000000 2.97000000000000000000 -3.4389
5.49000000000000000000 3.07500000000000000000 1.82554
5.49000000000000000000 3.18000000000000000000 6.41586
5.49000000000000000000 3.28500000000000000000 10.3921
5.49000000000000000000 3.39000000000000000000 13.7994
5.49000000000000000000 3.49500000000000000000 16.8869
5.49000000000000000000 3.60000000000000000000 19.5562
5.49000000000000000000 3.70500000000000000000 21.93
5.49000000000000000000 3.81000000000000000000 24.056
5.49000000000000000000 3.91500000000000000000 25.2537
5.49000000000000000000 4.02000000000000000000 26.8287
5.49000000000000000000 4.12500000000000000000 28.2483
5.49000000000000000000 4.23000000000000000000 29.5342
5.49000000000000000000 4.33500000000000000000 30.6623
5.49000000000000000000 4.44000000000000000000 31.7318
5.49000000000000000000 4.54500000000000000000 32.7147
5.49000000000000000000 4.65000000000000000000 33.622
5.49000000000000000000 4.75500000000000000000 34.4634
5.49000000000000000000 4.86000000000000000000 35.2466
5.49000000000000000000 4.96500000000000000000 35.9783
5.49000000000000000000 5.07000000000000000000 36.6643
5.49000000000000000000 5.17500000000000000000 37.3093
5.49000000000000000000 5.28000000000000000000 46.828
5.49000000000000000000 5.38500000000000000000 47.6834
5.49000000000000000000 5.49000000000000000000 48.5027
